Carnet,Apellidos,Nombres,Programa,E-mail,notas_parciales 2015-03-12 (30%)
201415038,ACOSTA CASTRO,ANDRES FELIPE,GEOC,af.acosta10@uniandes.edu.co,1.47
201313115,ARDILA TAFURTH,GUSTAVO ADOLFO,FISI,ga.ardila10@uniandes.edu.co,3.37
201325847,ARIZA PARDO,ADRIANA,GEOC,a.ariza11@uniandes.edu.co,3.22
201423098,ARIZA ROJAS,MARIA ALEJANDRA,FISI,ma.ariza11@uniandes.edu.co,4.27
201326140,CASTILLO MANRIQUE,ANDRES FELIPE,GEOC,af.castillo10@uniandes.edu.co,4.36
201313590,CELY GOMEZ,DIEGO ALEJANDRO,IIND,da.cely10@uniandes.edu.co,2.83
201328705,ESCALLON BOTERO,DANIEL,GEOC,d.escallon10@uniandes.edu.co,4.48
201328097,FERNANDEZ MORENO,JUAN DAVID,GEOC,jd.fernandez10@uniandes.edu.co,4.22
201224254,FONSECA PRIETO,LUIS MIGUEL,FISI,lm.fonseca10@uniandes.edu.co,0.56
201423511,FORERO ARIZA,MATEO JULIAN,FISI,mj.forero10@uniandes.edu.co,1.85
201318237,GOMEZ NORIEGA,DIEGO FERNANDO,IELC,df.gomez11@uniandes.edu.co,4.45
201224382,GONZALEZ ORTIZ,CRISTHIAN EDUARDO,IMEC,ce.gonzalez10@uniandes.edu.co,4.62
201124911,GUARIN ESTRADA,DANIEL FELIPE,GEOC,df.guarin10@uniandes.edu.co,3.58
201414158,LAGUNA GUANTIVA,MATEO,FISI,m.laguna10@uniandes.edu.co,4.21
201326809,LINARES ORTEGON,DANIELA,GEOC,d.linares10@uniandes.edu.co,4.37
201314641,MEZA CALA,JUAN CAMILO,GEOC,jc.meza10@uniandes.edu.co,4.38
201316634,NOGUERA AGUIRRE,DAVID ALEJANDRO,GEOC,da.noguera10@uniandes.edu.co,2.49
201411392,NUÑEZ CASTAÑO,JULIAN HUMBERTO,FISI,jh.nunez10@uniandes.edu.co,0.00
201412817,PARADA BELTRAN,JUAN SEBASTIAN,GEOC,js.parada11@uniandes.edu.co,3.54
201214658,QUIJANO CASTRO,JUAN DIEGO,GEOC,jd.quijano1779@uniandes.edu.co,0.50
201327988,TORRES QUINTERO,MARIA FERNANDA,GEOC,mf.torres10@uniandes.edu.co,4.21
201215323,VARGAS LOPEZ,CRISTHIAN CAMILO,GEOC,cc.vargas2139@uniandes.edu.co,3.52
201315934,ZULUAGA VELASQUEZ,NICOLAS,*,n.zuluaga10@uniandes.edu.co,4.62